650 321
650 321
650 321
650 321
650 321
650 321
650 321
650 321
650 321
650 321
649 321
649 321
649 321
649 321
648 321
647 321
646 322
645 322
643 323
642 323
641 323
640 324
639 324
638 325
636 325
635 326
633 327
631 328
630 328
628 329
627 330
626 330
626 331
625 331
624 332
623 332
622 333
621 334
619 336
618 337
616 339
615 340
614 341
613 343
612 344
612 345
611 347
610 348
610 350
609 351
608 353
608 354
608 356
608 357
608 359
608 361
608 363
608 365
608 367
608 370
609 372
609 374
610 376
611 378
612 381
613 383
614 385
615 387
616 389
618 391
619 393
621 394
622 395
624 396
626 398
629 399
631 400
633 400
636 401
638 402
640 402
642 403
645 403
647 403
649 403
651 403
653 403
656 403
658 403
659 403
661 402
662 402
664 401
665 401
667 400
668 399
670 398
672 397
673 395
675 394
676 393
677 392
678 391
679 391
680 390
681 389
681 389
682 388
683 387
684 385
685 384
686 383
687 381
688 379
689 378
690 376
691 374
691 372
692 371
693 369
694 368
694 367
695 366
695 364
696 363
696 362
696 360
696 359
696 357
696 356
696 355
696 354
696 353
695 353
695 352
695 350
694 349
694 348
694 347
693 346
693 345
692 344
692 343
691 342
691 341
690 340
690 339
690 338
689 337
688 336
687 335
687 335
686 334
685 333
684 333
683 332
682 331
682 331
681 330
681 330
681 330
680 329
679 329
679 329
679 329
679 328
678 328
678 327
677 327
677 327
677 326
676 326
676 326
675 326
675 326
675 326
675 325
675 325
674 325
674 325
673 325
673 324
673 324
673 324
672 324
671 323
671 323
671 323
670 323
670 323
669 323
669 323
669 322
669 322
668 322
668 322
668 322
668 322
668 322
667 322
667 322
667 322
666 322
666 322
666 322
665 322
665 321
664 321
664 321
664 321
664 321
663 321
663 321
663 321
663 321
662 321
661 321
661 321
660 321
660 321
659 321
659 321
659 321
658 320
658 320
658 320
657 320
657 320
657 320
657 320
657 320
656 320
656 320
656 320
655 320
655 320
654 320
654 320
654 320
654 320
654 320
653 320
653 320
653 321
653 321
653 321
653 321
653 321
653 321
653 321
653 321
653 321
653 321
652 321
652 321
652 321
652 321
652 321
652 321
652 321
652 321
652 321
652 321
652 321
652 321
652 321
652 321
652 321
652 321
652 321
652 321
652 321
651 321
651 320
651 320
651 321
651 321
650 321
650 293
650 293
650 293
650 293
650 293
650 293
650 293
650 293
650 293
650 293
650 293
650 293
650 293
650 293
650 293
638 287
638 287
638 287
638 287
638 287
638 287
638 287
638 287
638 287
638 287
639 288
661 287
661 287
661 287
661 287
661 287
661 287
661 287
661 287
661 287
661 287
661 287
661 287
650 293
650 293
650 293
650 293
650 293
650 293
650 293
650 293
650 293
650 293
650 293
650 293
650 293
649 294
649 294
649 294
649 294
649 294
649 294
649 318
649 319
649 319
649 319
649 319
649 319
649 319
649 319
649 319
649 319
649 319
649 319
635 324
635 324
635 324
635 324
635 324
635 324
635 324
635 324
635 324
635 324
635 324
615 303
615 303
615 303
615 304
615 304
615 304
615 304
615 304
615 304
615 304
615 304
601 304
601 304
600 305
600 305
600 305
600 305
600 305
600 306
616 292
616 292
616 292
616 292
616 292
616 292
615 303
615 303
615 303
615 303
615 303
615 303
615 303
615 303
615 303
615 303
615 303
634 325
634 325
634 325
634 325
634 325
634 325
634 325
634 326
634 326
634 326
634 326
634 326
634 326
634 326
634 326
634 326
634 326
634 326
634 326
634 326
634 326
621 333
621 333
621 333
621 333
621 333
621 333
621 333
621 333
621 333
621 333
621 333
610 342
610 342
610 342
610 342
610 342
610 342
610 342
610 342
610 342
610 342
610 342
610 342
610 342
587 327
587 327
587 327
587 327
587 327
587 327
587 327
587 327
587 327
587 327
575 333
575 333
575 333
575 333
575 333
575 333
575 333
575 333
575 333
587 314
587 314
587 314
586 314
586 314
586 314
586 314
587 327
587 327
587 327
587 327
587 327
587 327
587 327
587 327
587 327
607 342
607 342
607 342
607 342
607 342
607 342
607 342
607 342
607 342
607 342
607 342
607 342
607 342
608 342
607 354
607 354
607 354
607 354
607 354
607 354
607 354
607 354
607 354
607 354
607 354
607 354
607 354
608 367
608 367
608 367
608 367
608 367
608 367
608 367
608 367
608 367
608 367
607 367
607 367
607 367
607 367
583 364
583 364
583 364
583 364
583 364
583 364
583 364
583 364
583 364
583 364
583 364
583 364
583 364
583 364
583 364
580 351
579 351
579 351
579 351
579 352
579 352
579 352
579 370
579 370
579 370
579 370
579 370
579 370
579 370
579 370
579 370
578 370
578 370
578 370
578 370
582 364
582 364
582 364
582 364
582 364
582 364
582 364
582 364
582 364
582 364
582 364
582 364
582 364
582 364
583 364
605 367
605 367
605 367
605 367
605 367
605 367
605 367
605 367
605 367
605 367
605 367
605 367
605 367
605 367
605 367
605 367
605 367
605 367
605 367
605 368
614 385
614 385
614 385
614 385
614 385
614 385
614 385
614 385
614 385
614 385
614 385
614 385
614 385
614 385
614 385
614 385
614 385
614 385
614 385
614 385
615 385
596 396
596 396
596 396
596 396
596 396
596 396
596 396
596 396
596 396
596 396
596 396
596 396
596 396
596 396
596 396
596 396
596 396
596 396
589 387
588 387
588 387
588 387
588 387
588 387
588 387
596 402
596 402
596 402
596 402
596 402
596 402
596 402
596 402
596 402
596 402
595 397
595 397
595 397
595 397
595 397
595 397
595 397
595 397
595 397
595 397
595 397
595 397
595 397
595 397
595 397
596 397
614 386
614 386
614 385
614 385
614 385
614 385
614 385
614 385
614 385
614 385
614 385
614 385
614 385
614 385
614 385
614 386
618 394
618 394
618 394
618 394
618 394
618 394
618 394
618 394
618 394
618 394
618 394
618 394
618 394
618 394
618 394
618 394
618 394
618 394
630 400
630 400
630 400
630 400
630 400
630 400
630 400
630 400
630 400
630 400
630 400
630 400
630 400
630 400
630 400
630 400
630 400
630 400
630 400
630 400
630 400
630 400
630 401
632 401
623 415
623 415
623 415
623 415
623 415
623 415
623 415
623 415
623 415
623 415
623 415
623 415
623 415
623 415
612 412
612 412
612 412
612 412
612 412
612 412
612 412
612 412
612 412
612 412
612 412
612 412
612 412
612 412
612 412
612 412
612 412
612 412
612 412
612 412
612 412
628 418
628 418
628 418
628 418
628 418
628 418
628 418
628 418
628 419
628 419
628 419
628 419
628 419
622 415
622 415
622 415
622 415
622 415
622 415
622 415
622 415
622 415
622 415
622 415
623 415
631 402
631 402
631 402
631 402
631 402
631 402
631 402
631 402
631 402
631 402
631 402
631 402
631 402
631 402
631 402
631 402
631 402
631 402
632 402
652 403
652 403
652 403
652 403
652 403
652 403
652 403
652 403
652 403
652 403
652 403
652 403
652 403
652 403
652 403
652 403
652 403
652 403
652 403
652 403
652 403
652 403
652 403
652 403
652 403
652 403
651 419
651 419
651 419
651 419
651 419
651 419
651 419
651 419
651 419
651 419
651 419
651 419
651 419
651 419
652 420
640 422
640 422
640 422
640 422
640 422
640 423
640 423
640 423
640 423
640 423
640 423
641 423
661 422
661 422
661 422
661 422
661 422
661 422
661 422
661 422
661 422
661 422
661 422
661 422
661 422
661 422
661 422
654 419
654 419
654 419
654 419
654 419
654 419
654 419
654 419
654 419
654 419
654 419
654 419
654 419
654 419
654 419
654 419
654 419
653 420
652 403
652 403
652 403
652 403
652 403
652 403
652 403
652 403
652 403
652 403
652 403
652 403
652 403
652 403
652 403
652 403
652 403
652 403
652 403
652 403
652 403
652 403
653 403
664 401
664 401
663 401
663 401
663 401
663 401
663 401
663 401
663 401
663 401
663 401
663 402
665 402
669 398
669 398
669 398
669 398
669 398
669 398
669 398
669 398
669 398
669 398
669 398
669 398
669 398
669 398
689 411
689 411
689 411
689 411
689 411
689 411
689 410
689 410
689 410
689 410
689 411
689 411
689 411
689 412
685 420
685 420
685 420
685 420
685 420
685 420
685 420
685 420
685 420
685 420
685 420
685 420
685 420
685 420
685 420
685 420
686 420
699 406
699 406
699 406
699 406
699 406
699 406
699 406
699 406
699 406
699 406
699 406
699 406
699 406
699 406
699 406
699 406
699 406
689 411
689 411
689 411
688 411
688 411
688 411
688 411
688 411
689 411
689 410
689 410
689 410
671 398
671 398
671 398
671 398
671 398
671 398
671 398
671 398
671 398
671 398
671 398
671 398
671 398
671 398
692 376
692 376
692 376
692 376
692 376
692 376
692 376
692 376
692 376
692 376
692 376
692 376
692 376
692 376
692 376
692 376
692 376
692 376
692 376
692 376
692 376
692 376
692 376
692 376
692 376
692 376
692 376
692 376
692 376
692 376
692 376
692 376
693 376
710 382
710 382
709 382
709 382
709 383
709 383
709 383
709 383
709 383
709 383
709 383
710 383
710 383
710 383
710 383
712 383
721 373
721 373
721 373
721 373
721 373
721 373
721 373
721 373
721 373
721 373
721 373
721 373
721 373
721 373
721 373
721 373
721 373
721 373
721 373
721 373
721 373
721 373
721 373
721 373
721 373
721 374
721 374
721 374
721 374
721 375
721 376
721 377
715 392
715 392
715 392
715 392
715 392
715 392
715 392
715 392
715 392
715 392
715 392
715 392
715 392
715 392
715 392
715 392
715 392
715 392
715 392
715 392
715 392
715 392
715 392
715 392
715 392
715 392
713 383
713 383
713 383
713 383
713 383
713 383
713 383
713 383
713 383
713 383
713 383
713 383
713 383
713 383
713 383
713 383
713 383
713 383
713 383
713 383
713 383
713 383
713 383
713 383
713 383
713 383
713 383
713 383
691 376
691 376
691 376
691 376
691 376
691 376
691 376
691 376
691 376
691 376
691 376
691 376
691 376
691 376
691 376
691 376
691 376
691 376
691 376
691 376
691 376
691 376
691 376
691 376
691 376
691 376
691 376
691 376
691 376
691 376
691 376
692 376
695 364
695 364
695 364
695 364
695 364
695 364
695 364
695 364
695 364
695 364
695 364
695 364
695 364
696 364
696 357
696 357
696 357
696 357
696 357
696 357
696 357
696 357
696 357
696 357
696 357
696 357
696 357
696 357
696 357
696 357
696 357
696 357
696 357
696 357
696 357
696 357
696 357
696 357
696 357
696 357
697 357
718 350
718 350
718 350
718 350
718 350
718 350
718 350
718 350
718 350
718 350
718 350
719 350
719 350
719 350
719 351
720 336
720 336
720 336
720 336
720 336
720 336
720 336
720 336
720 336
720 336
720 336
720 336
720 336
720 336
720 336
720 336
720 336
720 336
720 336
720 336
720 336
720 337
720 337
720 337
721 338
722 338
725 356
725 356
725 356
725 356
725 356
725 356
725 356
725 356
725 356
725 356
725 356
725 356
725 356
725 356
725 356
725 356
725 356
725 355
720 350
720 350
720 350
720 350
720 350
720 350
720 350
720 350
720 350
720 350
720 350
720 350
720 350
720 350
720 350
720 350
696 358
696 358
696 358
696 358
696 358
696 357
696 357
696 357
696 357
696 357
696 357
696 357
697 357
697 357
697 357
697 357
697 357
697 357
697 357
697 357
697 357
697 357
697 357
697 357
697 357
697 357
697 358
690 339
690 339
690 339
690 339
690 339
690 339
690 339
690 339
690 339
690 339
690 339
690 339
690 339
690 339
690 339
690 339
690 339
690 339
690 339
704 323
704 323
704 323
704 323
704 323
704 324
704 324
704 324
704 324
704 324
704 324
703 324
703 324
703 324
703 323
697 309
697 309
697 309
697 309
697 309
697 309
697 309
697 309
697 309
697 309
697 309
697 309
697 309
697 309
697 309
698 309
698 310
698 311
700 312
714 323
714 323
714 323
714 323
714 323
714 323
714 323
714 323
714 324
714 324
714 324
714 324
714 324
714 324
714 325
713 326
703 323
703 323
703 323
703 323
703 323
703 323
703 323
702 323
702 323
702 323
702 323
704 324
689 338
689 338
689 338
689 338
689 338
689 338
689 338
689 338
689 338
689 338
689 338
689 338
689 338
689 338
689 338
689 338
672 322
672 322
672 322
672 322
672 322
672 322
672 322
672 322
672 322
672 322
672 322
672 322
672 322
672 322
672 322
672 322
672 322
672 322
672 322
680 305
680 305
680 305
680 305
680 305
680 305
680 306
680 306
673 291
673 291
673 291
673 291
673 291
673 291
673 291
673 291
673 291
673 291
673 292
673 292
673 292
674 293
690 303
690 303
690 303
690 303
690 303
690 303
690 303
690 303
690 303
690 303
679 306
679 306
679 306
679 306
679 306
679 306
679 306
679 306
679 306
679 306
679 306
